$ANSIBLE_VAULT;1.1;AES256
30353835653534653838373362393032326335396431356665613563643263383339623963303439
3031393763363164363237393237646561326530613437610a383234303934373435383731623830
36323235663233626136366265326630313831393339336538386233363935613636393966336136
3062313766303737330a323964333239663066343037336439323734396333653265306138666664
30313334343932343961653138616435656236643032653033353462393762376462613762356462
36663934353962613566643233636565663965663139393065633732343030626466353765346664
38333061323037323366313265313737613666646533616536336132353861326430643532616632
30336462333433313937323432303035303464353664303464316435373936663238373839363233
30393265616538373735626530616162623137343666306363313030326631663036306663383066
35363330613839353461646131356466663535646566333130326263336637623663393963366662
63666566303839336663613965306262336462346335653537333166316261373762386364346336
37643861303566393064376564396434366262393831626139656264663535336432386638643738
38613639396136643661306335613538636435383965666631376135323832396438333630623739
62373531383438396439383232393736623864356531646538393965626338633030623332623861
64346232333263306661653239633934303161623733363163626235646136643635626432636437
63633861383634373235663034303066363566613363366533643666666638353161313862616330
31616533346661613962623335633435363164656365326366633961343263656466616439363632
33663031396661633937343065386439623732313730653034666338386662333264613533626134
62626138623432353435653232343262333566613137633735356438613964636365613335323334
36336532633362663831663632373465323536653661373230646332623435316232653035616162
30303632306131666630393361393839326131373439393237626366326437653566346533343264
61626634616264633230616638396532366638326434653938623436356161383362663336663130
61643865363539303562313736636437623330366262366263316363363037393931373262633739
61633934656162623861323163306136653233373866336663633236636364326236636634346531
38656434306638386434613066666339313536356333366561303663363031363364623538383036
36326363373666333839313730653132303831363661356334386663366266633565653532363962
31313535666131356434383761373438666665383839663064643336663037376631393166313232
31303034646462303666306366323662376434623363376436633930663035633761353566356434
32666136336262633863383035306234366361363262643566306334633336303039623666303064
36613362313962333261663830366536393861363039343730333033313634396532383238386238
30353636626438626234663864636132636263336635373033356564316334326335643965323564
39356335383863376235656236626663653639613137376436643863626462353239613362616632
32663764366332663337366263646134316634373433393831613862393362656536393530373738
37356630396531376162396162363430363766616130653366313735643038383036373766386264
33393366643132626332333464303666393835303037343434313938373566346665666361656230
36336364376662356333393033373861343661643138326661373934646330663836643733313231
61636138636439653866666566323964346266383430663233623137316263386638306239336163
34313032343134656339326434353132616132363233376137343535343535613264333439633262
34643362656463633734633266383036663136626433373138653432363130303238366131343065
66633362336437393131393062613936356138646239323761346562326365626163346334306334
31303732653230326165386633356233666130316638333035376130393931643330353634333834
34636266623038343735653831646436633835326436373230653133393131613861663934643365
33666330356230393638336535323338643835366635666333663363386436393537666536356639
65653631623939366338306366373630613437633665616363663935333039643138353137613763
63343636646133646162383363323336393431383863623062373764393630636165313237636466
64373133633435663265353363643432633465653432363165356564653365636661363236633664
61383638393138636433343737626463373765653132383438633431643330316361343866356563
32326538326261356366633065623739656537636533323833313634613761633462613134636238
63633564376433303031373737383631626432633538313339623531383030346538626262356531
34363965623133353862616664613736366565396238383666343164343239346166316261306666
38343031656636626336336230386132633534393665303130383738373534653734373133376538
61656130366335643238346164663530303430363961646236356236313764336431353334666136
37643937376664656137613465343261623166333932393366356430623033333664303337613431
64613539396632646335363936346461353334623335656137313964613161343566643636333534
66346630393536616635313265376335313635633132343339636235316266613634376164386233
62313530653334373766616537333734386566326133353033353062303832356138626636636631
66353364613366366332656162316339393564383834393864343265626166366361646236663231
32646537323238636562376632386237643533373833666261636437663537383131303538333831
34373563626564623033343730643937393433643937646639303865653831653163396337343934
63626431323965383133656636326532353434633831373561626231303035333534623439623835
34353464626436356263313532396233663134313436626365643131643262353162643466356431
61646564346539366664393261643336303262343962343564333135666263626333646135653161
35333163636231393766336539613837323638643530363762346231326536663962326233383663
30646434636564653466326532636332396462643064356261613936343631353836373038323663
38343034633033626438636265636262333437333532383765343037313435353836333631396261
34396361346362313338656664306235343431656262343436623766373238356165396364626337
37646134643032613635363863663836383962323636326534653432306466636231333533303836
33656639373333343838363535396138663731386637626266373433356637343937353161613233
63386166313135396639623361633265663962336164306266623464333331383036633932666266
61333034336338393835383133336534623530373935333631306231663239363537316332663636
66326434393765623232396463333635616139323366316531636165663664323039333534303765
35376137363635646537663466373539626363643731643234656631306433393466363336643330
30343365393363663262346465336261616166633063663633626166383436303366613861626332
37343366613762646331383035656130393336653565323134306635633136323138613664616530
63373533353466353132643964383235663161383035376565363035306561323061623037613836
32386239333466613134363662666430613566623437323135396463663939626231653432313464
63613039383961626665626431656464613339386438393063326630643463646632303462383066
62626163613236616535336161316162663064373362323830303330656534626632346662303662
31343562393730316633366438623364393035306332613866623835383063663830653535666663
39653934366534386436646438383337363964626663633030303335306463626262383338666338
36613232646338613063643137656531646663326663386332393433313861383530383164623138
62313532663466636430323336666430343333343430623162616461646237313138313361376330
61323738303834666136303133346433346662316662303136343236663034393463333133623737
66623537663033323037666132643361386536333439323461313130353533656434333635393436
61633139323334623063613334303435613537383333386365363761613539383538303563363939
64353337636639663336643736656337666236623733323939383464663936363230613636333835
65373639303665313864613564333664306363646563636161663865653461376262626365613235
63643830663337306439653639663431613331666266346261353035383638613730333864343666
35386538653033306533636261633164636261643339666632616133323138646630363831373361
32656466356231303335666332366335623733303165393161666539663763633436333033393765
63383662656635316539386539333539376164633237613439306132626533343961383134383065
38306165323866333339633363616461646565323065373836653236653537343539643136306564
38663366323861313263393939323565353461383238323463663663373939373933386539316433
64636537313237363531393535343738623233616264336432356262376338633461363039373137
36383466626261616439383666636465613965636532623662646439636561663939643764643932
30356233626662663762663538643138376637363566633062613331326466653437643338393130
66663336383832613863323463363163633661363533343761613139393237613833313264623461
65663961623832646666333038356165636436316361333061663339653036626535613631366631
36333964386234633430613438396535313333333236653934626430336132383866353335326536
36326565656338633564323534343737646463653432376136396337363638636536376333643463
31626661336663633137633033646333333861626666366635666661353330363265383130353133
32373536633337356665623264623438633335313366666538633664633364616536363063373335
34633235343937383036316365363764343261663633306466636661303331623831366330363135
66346530383933663861613564643434396261366634643233343534363863313434633565666565
30616661643338373634636335306632303631346637646239613962393437363162616432376538
66346437646138303931386331643163626439363966343761623737383532366439613332633530
61623962393563343862373239656537373762333763326230383839643332623734643262656135
32303233393137393966653264336434326161313564633937386539353130373536633934653230
31376439613065356636386239333964306465626430663531346334663330653430633566356264
36396565323030653734653030356231326265373734346535396137386161326539346361663438
64376264613333353532383661353161643766633631316639626132616535633537666561373436
38356434323965386637306138653062356430666132636430663635303437316539366665623766
39333661343135356631666335383365383532323937363461396333306635653465636433323661
35303964313838356638636633303433373264343764303037336661303338623439663163393232
35333735376562343737393536626162343939663133333265376439643366633631396561326330
38353964636461383966653366623735623331356664653136313739666433643530396230316464
33323238636630326666366164373363323632343933316434343530623964643766326333623033
36306234653461663361616434306335363764383566303837333937623734613031323030666363
32326635633961366231363562666166646338623632313966623666343265623165336638653362
64323463306235383436326538666466623031336262376436373665626662393930363730633034
35393662383961316464616438306131643833313166323231633437376336613737336632346362
34663138376264363331313335363637663131303836386664666666613361653764363139353936
39323437346564393565386162386637646239666630363434633632366636643133313737343539
39653234333632653431303139636137666132666332373139306433323963373564623962303663
63373031386231306661666266333162343636643361616631396564323365316662653430353633
65666530393633356361393630376134616566393264333031383863303765636239653938383331
63393966376161386537653634316137346337666663663934376636643234383862616363323135
37393739313766666462383034636561363465323433306233333138323439356638383462666234
64303933623939393634313333343333366134383965376131333635386230353038393231383132
66346433653961653866626532633066333935306234333832303839626661343031646166646662
36356661646162333864316531343931336634666436663164303262666138326131316139373930
63643935363833376431633633633834373362306635623565323863633764386439306439366633
39303232663738393433306666353637303236343138336636316438623737636166383261633963
37383062616333393761346561666135366437386433343233643630656133393336363462653831
39356266656638643039383738643463353663356634336134363539313537393436326665623566
63366132646234663862393836653661663932393134656466346564306630666338366363393331
37633766396536333634653961343338333832326531623434353137336166653164306161333466
39313165646233623039376239613936383363316266656665383938303334663635393765303033
37303765323661363534633262616131653836343863613462616632313662643135323139333934
39323934336433633237656430636662306261353736356466383363306238303166643132663166
64653435313839313063663839376564363765633766333565636365646661666532343537363537
62633434393339373065393333303735313336643134343862653366336132323635303439626466
34363564656430623661623766303636666231363238333965633661363566653135326330393130
39613333373962396131333835316335336665646330363865313834353730393338356564393266
34306230623338643363663664626633326139363463666365643930626537346561383761353432
64653331313166303465343666636438376137313036613961333232386265623561626262313564
35383631396461626432373634313834383532386436306434636465316139646266393934353263
66363634626163303139636339653732643036656431343665333637323532623864303236633565
34623636633133383062303463363835356431643532613266636533386663363764643237646133
66353835616236373061303963666330633461396230313837376365313337326664616130646337
64393035313833633461386337326630326435353539656139333631643033353031616262653262
65393335333866383261333037303666393635326337636136323439303139646163623331333365
38363038643361656331376337646363353938383339323937363265613139633933613431306132
66636264656437383161333061303937663263396435663263356666376332653534376366653563
38343264643165623639643833323934666330353665666430383738656233313965343238313931
33353064316163386365646566313964326633366466643935336662363030633365326138363562
61326635353036393630663665643131383636633337656363366436306430323236383837363831
62393237356365663963346430616362633131393336306165313634393863633737613933306562
61646437383161653038346133643064353561643038383466366130616666636236653738343533
32396464616336623439333531306365376161323731366430333537313939386233346166383535
61356139373566626333323763343539623062396337623461666431653736346563653264336236
61333434356664393131393934303037353432336533633437656634646231626561613838346564
65383434326564373039363230383139353663616630663330313637643835333365396637656339
62346132333062316361343762323234373738313534646436333631316266323963333333623832
64346334353163396565636366633138363437626365316534316666323039666162306532613062
61643334386535636463396461653737303235363739623435343833386334386537373561393335
32333538353536376530396539656661613263336535613333646333326338373238646532363064
37396637386261346538333234356163663866316561393833396433323730303563626361316630
30303831623864343065623063616139396638393234383938616639303533383263343464333563
32313666323038633264313966356239626238343834353465343839663436333430613432626161
66333866316239323631393739633961343437356432383963383864336132643337613733626561
64646237393964333463393564303832613638386436393639313035303866343939363039646132
66323662633332666463356232663734373037663562346530316632383232326361666231643661
3539383565313633316339326566613130356163356232373861
